77
10
15
20
5000000
100
1000
10000
100000
1000000
2
4
8
16
32
64
128
256
512
1024
2048
4096
8192
16384
32768
65536
131072
262144
524288
1048576
2097152
4194304
4999999
3000001
76894
1547
569721
15285
1284
38476
68413
89864
24343
8478
1234567
654321
777778
999994
52358
25354
453453
44452
112
8687
133
666
871
6171
3732423
511935
52527
1161
4444
51
343
747
89
1151
1060
6700
911997
91765
671967
1081996
101096
62797
1225
2022017
50000
100000
150000
200000
250000
300000
350000
400000
450000
500000
550000
600000
650000
700000
750000
800000
850000
900000
950000
1000000
1050000
1100000
1150000
1200000
1250000
1300000
1350000
1400000
1450000
1500000
1550000
1600000
1650000
1700000
1750000
1800000
1850000
1900000
1950000
2050000
2100000
2150000
2200000
2250000
2300000
2350000
2400000
2450000
2500000
2550000
2600000
2650000
2700000
2750000
2800000
2850000
2900000
2950000
3000000
3050000
3100000
3150000
3200000
3250000
3300000
3350000
3400000
3450000
3500000
3550000
3600000
3650000
3700000
3750000
